#z	phi(z)	pi(z)	sigma(z)	rho(z)	chi(z)	xi(z)
0	0	0.84396	0	-1.337478598	-0.09105233335	0.273157
0.2	0.1069469333	0.3249498003	-0.235184887	-1.042526098	-0.05575920402	0.11112565
0.4	0.1510691451	0.1436776378	-0.4242653124	-0.8604877568	-0.03996458764	0.05542619946
0.6	0.1709920243	0.06525349569	-0.5830115919	-0.7338254559	-0.03152764135	0.03197967027
0.8	0.1796898284	0.02576711659	-0.719963873	-0.6400140289	-0.02638550192	0.02070217536
1	0.1824114538	0.00334845777	-0.8404335065	-0.56759673	-0.02290085673	0.01473208785
1.2	0.181576806	-0.01071229502	-0.9479826596	-0.5099595337	-0.02032429701	0.01133257633
1.4	0.1784214419	-0.02028851904	-1.045124683	-0.4629778742	-0.01827930997	0.009279863534
1.6	0.173633657	-0.0272527765	-1.133701291	-0.4239359209	-0.016563017	0.007975965421
1.8	0.1676291995	-0.03257009753	-1.215102916	-0.3909695048	-0.01506020855	0.007107157914
2	0.1606801338	-0.03676238611	-1.290405159	-0.3627557431	-0.01370292764	0.006499038303
2.2	0.1529794912	-0.04012200289	-1.360457195	-0.3383296996	-0.0124500782	0.006049919396
2.4	0.1446755091	-0.04281671331	-1.425941161	-0.316971117	-0.01127651733	0.00569817597
2.6	0.1358905187	-0.04494439569	-1.487413312	-0.2981316648	-0.01016691316	0.005405297919
2.8	0.1267316321	-0.04656304528	-1.545333262	-0.2813867411	-0.009112133114	0.005146675279
3	0.1172968441	-0.04770803466	-1.600085246	-0.2664026356	-0.008107033932	0.004906370097
3.2	0.1076784372	-0.04840245615	-1.651993877	-0.2529136177	-0.007149061365	0.004674038184
3.4	0.09796474528	-0.04866352878	-1.701336011	-0.2407055983	-0.006237333984	0.004443053969
3.6	0.08824088959	-0.04850665611	-1.748349828	-0.229604244	-0.00537202594	0.004209331205
3.8	0.07858886936	-0.04794799677	-1.793241872	-0.2194661912	-0.004553940877	0.003970559995
4	0.06908724604	-0.04700603475	-1.836192551	-0.2101724731	-0.003784210132	0.003725698464
4.2	0.05981056792	-0.04570245096	-1.87736048	-0.2016234976	-0.003064076868	0.003474623528
4.4	0.05082869388	-0.04406249626	-1.916885965	-0.1937351649	-0.002394739163	0.00321788339
4.6	0.04220607771	-0.04211497653	-1.954893794	-0.1864358866	-0.00177723291	0.002956517468
4.8	0.03400107118	-0.03989196332	-1.991495479	-0.1796642399	-0.001212347845	0.002691921216
5	0.02626533417	-0.03742830753	-2.026791108	-0.1733670987	-0.0007005699472	0.00242574109
5.2	0.01904332512	-0.03476102138	-2.060870854	-0.1674981825	-0.0002420366211	0.00215978977
5.4	0.01237193143	-0.03192859405	-2.093816214	-0.1620168992	0.000163488814	0.001895977523
5.6	0.006280274393	-0.02897027492	-2.125701057	-0.1568874104	0.0005166274689	0.001636254369
5.8	0.0007895905374	-0.02592538424	-2.156592502	-0.1520779065	0.0008183924959	0.0013825599
6	-0.004086695534	-0.02283266016	-2.186551655	-0.1475600185	0.001070179528	0.001136781075
6.2	-0.008342796181	-0.01972967406	-2.215634252	-0.1433083463	0.001273752976	0.0009007151567
6.4	-0.01198028047	-0.01665232205	-2.243891216	-0.1393000823	0.001431225273	0.0006760378909
6.6	-0.01500769205	-0.01363439652	-2.271369139	-0.1355147043	0.001545029505	0.0004642765733
6.8	-0.01744009454	-0.01070723519	-2.29811072	-0.1319337222	0.001617887622	0.0002667874705
7	-0.01929855082	-0.007899443443	-2.32415514	-0.1285404685	0.001652774214	8.473770131e-05
7.2	-0.02060955042	-0.005236681526	-2.349538417	-0.1253199179	0.00165287693	-8.090867217e-05
7.4	-0.02140440383	-0.002741508846	-2.374293715	-0.1222585325	0.001621554872	-0.0002294004256
7.6	-0.02171862122	-0.0004332748582	-2.398451626	-0.1193441231	0.00156229615	-0.0003602051522
7.8	-0.02159125552	0.00167194829	-2.422040429	-0.1165657248	0.001478673201	-0.0004730112398
8	-0.02106423689	0.003561396136	-2.445086324	-0.1139134811	0.001374298347	-0.0005677262232
8.2	-0.02018171872	0.005225610833	-2.46761364	-0.1113785364	0.001252781002	-0.0006444719397
8.4	-0.01898942482	0.00665841174	-2.489645026	-0.1089529346	0.001117685876	-0.0007035767116
8.6	-0.0175339879	0.007856832261	-2.511201625	-0.1066295237	0.0009724919311	-0.0007455643458
8.8	-0.01586231428	0.008821026408	-2.532303218	-0.1044018644	0.0008205545917	-0.0007711407188
9	-0.01402098552	0.009554148977	-2.552968365	-0.1022641457	0.0006650716694	-0.0007811786322
9.2	-0.0120556646	0.01006220068	-2.57321452	-0.1002111054	0.0005090511056	-0.0007767003622
9.4	-0.01001053911	0.0103538395	-2.593058133	-0.09823795725	0.0003552826836	-0.0007588585541
9.6	-0.007927819367	0.01044016646	-2.612514737	-0.09634032424	0.0002063144479	-0.0007289163545
9.8	-0.005847275341	0.01033448426	-2.631599028	-0.09451418006	6.443266631e-05	-0.0006882266427
10	-0.003805814602	0.01005202456	-2.650324926	-0.09275579709	-6.835436019e-05	-0.0006382102199
10.2	-0.00183712798	0.009609656971	-2.668705632	-0.0910617022	-0.0001903274707	-0.0005803340298
10.4	2.860153917e-05	0.009025589572	-2.686753675	-0.08942864036	-0.0003000635504	-0.0005160899081
10.6	0.00176494227	0.008319049645	-2.704480952	-0.08785354496	-0.000396438696	-0.0004469729826
10.8	0.003349385082	0.007509958965	-2.721898764	-0.0863335148	-0.0004786265762	-0.0003744607813
11	0.004763444581	0.006618623415	-2.739017845	-0.08486579737	-0.0005460929095	-0.0002999940885
11.2	0.005992711353	0.005665416087	-2.755848396	-0.08344777686	-0.0005985865088	-0.0002249580619
11.4	0.007026831081	0.004670471727	-2.772400103	-0.08207696661	-0.0006361259599	-0.000150664905
11.6	0.007859428352	0.003653411001	-2.788682172	-0.08075100471	-0.0006589838566	-7.833891651e-05
11.8	0.008487980301	0.002633070311	-2.804703345	-0.07946765189	-0.0006676678296	-9.102477744e-06
12	0.008913629127	0.001627256579	-2.820471932	-0.07822479086	-0.0006628984304	5.603574079e-05
12.2	0.0091409593	0.0006525380649	-2.835995828	-0.07702042604	-0.0006455860473	0.0001161900115
12.4	0.009177731155	-0.0002759494793	-2.851282543	-0.07585268331	-0.0006168053983	0.0001706052745
12.6	0.009034569342	-0.001144664981	-2.866339225	-0.07471980897	-0.0005777681873	0.0002186623431
12.8	0.008724641607	-0.001941785963	-2.881172682	-0.07362016756	-0.0005297966023	0.0002598806558
13	0.008263300026	-0.002657314146	-2.895789406	-0.07255223848	-0.0004742949443	0.0002939193534
13.2	0.007667700957	-0.003283142139	-2.910195598	-0.07151461098	-0.0004127213401	0.0003205756695
13.4	0.006956438706	-0.003813089922	-2.924397184	-0.07050597791	-0.0003465615715	0.0003397816542
13.6	0.006149145212	-0.004242915477	-2.938399841	-0.06952512827	-0.0002773015937	0.00035159883
13.8	0.00526610662	-0.004570289427	-2.952209012	-0.06857093862	-0.0002064025992	0.0003562109053
14	0.004327893587	-0.004794746527	-2.965829924	-0.06764236414	-0.000135277896	0.000353915296
14.2	0.003354985528	-0.004917607399	-2.9792676	-0.06673842925	-6.527050051e-05	0.000345112799
14.4	0.002367426568	-0.004941873993	-2.992526877	-0.06585821835	2.366152306e-06	0.0003302961753
14.6	0.00138450687	-0.004872106948	-3.005612411	-0.06500086718	6.648513172e-05	0.0003100380558
14.8	0.0004244575927	-0.004714277888	-3.018528693	-0.06416555475	0.0001260611092	0.0002849775948
15	-0.0004958129662	-0.004475605174	-3.03128005	-0.06335149642	0.0001802021117	0.0002558067711
15.2	-0.001360946966	-0.0041643809	-3.043870658	-0.06255793816	0.0002281585522	0.0002232567261
15.4	-0.00215733907	-0.003789780631	-3.056304544	-0.06178415207	0.0002693299412	0.0001880834765
15.6	-0.002873291827	-0.003361666757	-3.06858559	-0.06102943319	0.0003032682725	0.0001510539438
15.8	-0.003499129374	-0.002890397995	-3.080717542	-0.06029309755	0.0003296788674	0.0001129329615
16	-0.004027284348	-0.002386620581	-3.09270401	-0.05957448138	0.0003484187643	7.446959544e-05
16.2	-0.004452328138	-0.001861081137	-3.104548473	-0.05887294112	0.0003594921326	3.638557675e-05
16.4	-0.004770977932	-0.001324435835	-3.116254284	-0.05818785423	0.0003630439904	-6.361446929e-07
16.6	-0.004982056017	-0.0007870650821	-3.127824672	-0.05751862046	0.0003593509321	-3.596181347e-05
16.8	-0.005086420589	-0.0002589144847	-3.13926275	-0.0568646632	0.0003488109046	-6.901529560e-05
17	-0.005086862373	0.0002506678203	-3.150571519	-0.05622543102	0.0003319305488	-9.928620650e-05
17.2	-0.004987968058	0.0007330657549	-3.161753869	-0.05560039885	0.0003093113418	-0.0001263358579
17.4	-0.004795969013	0.001180513873	-3.172812592	-0.05498906882	0.0002816353217	-0.0001498020171
17.6	-0.004518549255	0.001586205619	-3.183750379	-0.05439097066	0.0002496484577	-0.0001694024194
17.8	-0.004164658142	0.001944365785	-3.194569832	-0.05380566145	0.000214145622	-0.0001849361953
18	-0.003744286907	0.002250320229	-3.205273468	-0.05323272487	0.0001759532423	-0.0001962845745
18.2	-0.003268248792	0.002500529191	-3.215863721	-0.05267176986	0.0001359134967	-0.0002034094471
18.4	-0.002747953478	0.002692609653	-3.22634295	-0.05212242883	9.486851790e-05	-0.0002063511791
18.6	-0.002195164989	0.00282533209	-3.236713444	-0.05158435542	5.364440401e-05	-0.0002052246328
18.8	-0.001621786079	0.002898598573	-3.246977422	-0.05105722215	1.303765292e-05	-0.0002002144728
19	-0.001039625728	0.002913403102	-3.257137041	-0.05054071781	-2.619890494e-05	-0.0001915691538
19.2	-0.0004601889209	0.002871770825	-3.267194398	-0.05003454495	-6.336795317e-05	-0.0001795939844
19.4	0.0001055176428	0.002776686611	-3.277151529	-0.04953841753	-9.783811139e-05	-0.0001646438038
19.6	0.0006471773645	0.002632002958	-3.287010416	-0.04905205877	-0.0001290534741	-0.0001471144645
19.8	0.001155319833	0.002442340457	-3.296772986	-0.04857519945	-0.0001565405304	-0.0001274344192
20	0.001621466082	0.002212978086	-3.306441111	-0.04810757655	-0.0001799140152	-0.0001060558702
